Eps:
0.0000000000
0.2000000000
0.3000000000
0.3100000000
0.3200000000
0.3300000000
0.3400000000
0.3500000000
0.3600000000
0.3700000000
0.3800000000
0.3900000000
0.4000000000
0.4200000000
0.4300000000
0.4500000000
0.5000000000
0.6000000000
0.8000000000
1.0000000000

EXIT:
0.0000000000
0.0000000000
0.0000000000
0.0000000000
0.0000000000
0.0000000000
0.0000000000
0.0009915000
0.0905775000
0.2141990000
0.3198835000
0.3867890000
0.4718320000
0.6055430000
0.6680920000
0.8343425000
0.9758530000
0.9948310000
0.9990050000
1.0000000000

BER:
0.0000000000
0.0000000000
0.0000000000
0.0000000000
0.0000000000
0.0000000000
0.0000000000
0.0003555000
0.0327300000
0.0794535000
0.1216890000
0.1505380000
0.1890645000
0.2547700000
0.2879885000
0.3754370000
0.4875930000
0.5966530000
0.7993690000
1.0000000000
