Eps:
0.0000000000
0.2000000000
0.3000000000
0.3100000000
0.3200000000
0.3300000000
0.3400000000
0.3500000000
0.3600000000
0.3700000000
0.3800000000
0.3900000000
0.4000000000
0.4200000000
0.4300000000
0.4500000000
0.5000000000
0.6000000000
0.8000000000
1.0000000000

EXIT:
0.0000000000
0.0000000000
0.0000000000
0.0000000000
0.0000000000
0.0000000000
0.0000000000
0.0000000000
0.0905140000
0.2224925000
0.3204605000
0.3855790000
0.4651710000
0.6000650000
0.6715620000
0.8321075000
0.9749750000
0.9948190000
0.9989645000
1.0000000000

BER:
0.0000000000
0.0000000000
0.0000000000
0.0000000000
0.0000000000
0.0000000000
0.0000000000
0.0000000000
0.0327435000
0.0822680000
0.1221210000
0.1501210000
0.1859110000
0.2519115000
0.2886400000
0.3741610000
0.4874825000
0.5961755000
0.7993630000
1.0000000000
